255
0 0 1 0
1 0 1 1
1 1 0 1
0 1 0 0
16711680
.5 .5 .2
.37 .3 .65 .35
65280
.45 .5 .05
.6 .5 .05
255
.45 .5 .02
.6 .5 .02

255
0 0 1 0
1 0 1 1
1 1 0 1
0 1 0 0
16711680
.5 .5 .2
.37 .3 .65 .35
65280
.45 .5 .05
.6 .5 .05
255
.46 .5 .02
.61 .5 .02

255
0 0 1 0
1 0 1 1
1 1 0 1
0 1 0 0
16711680
.5 .5 .2
.37 .3 .65 .35
65280
.45 .5 .05
.6 .5 .05
255
.47 .5 .02
.62 .5 .02

255
0 0 1 0
1 0 1 1
1 1 0 1
0 1 0 0
16711680
.5 .5 .2
.37 .3 .65 .35
65280
.45 .5 .05
.6 .5 .05
255
.46 .5 .02
.61 .5 .02

255
0 0 1 0
1 0 1 1
1 1 0 1
0 1 0 0
16711680
.5 .5 .2
.37 .3 .65 .35
65280
.45 .5 .05
.6 .5 .05
255
.45 .5 .02
.6 .5 .02

255
0 0 1 0
1 0 1 1
1 1 0 1
0 1 0 0
16711680
.5 .5 .2
.37 .3 .65 .35
65280
.45 .5 .05
.6 .5 .05
255
.44 .5 .02
.59 .5 .02

255
0 0 1 0
1 0 1 1
1 1 0 1
0 1 0 0
16711680
.5 .5 .2
.37 .3 .65 .35
65280
.45 .5 .05
.6 .5 .05
255
.43 .5 .02
.58 .5 .02

255
0 0 1 0
1 0 1 1
1 1 0 1
0 1 0 0
16711680
.5 .5 .2
.37 .3 .65 .35
65280
.45 .5 .05
.6 .5 .05
255
.44 .5 .02
.59 .5 .02

